rate,year,sex,drugname,totpop,totdeath,stderr,glower,gupper
0.2188504184,2003,F,ACETAMINOPHEN,3073287,7,0.0829308198,0.0877358137,0.4617248414
0.4736149385,2003,M,ACETAMINOPHEN,3053598,15,0.1226585187,0.264543002,0.8174627431
0.3471986135,2003,T,ACETAMINOPHEN,6126885,22,0.0742685082,0.2172106603,0.5321639955
0.9559015261,2003,F,ALCOHOL,3073287,30,0.1752097704,0.6438451522,1.3730788835
3.899549281,2003,M,ALCOHOL,3053598,124,0.3515253642,3.2410587203,4.6780216623
2.4245833869,2003,T,ALCOHOL,6126885,154,0.1959089549,2.0558146008,2.8450291898
0.2101242042,2003,F,ALPRAZOLAM,3073287,7,0.0795205972,0.0843605589,0.4459383082
0.531341091,2003,M,ALPRAZOLAM,3053598,17,0.1291016575,0.3091829585,0.8864464508
0.3748540129,2003,T,ALPRAZOLAM,6126885,24,0.0767598078,0.2397983833,0.5644119448
0.9796430581,2003,F,AMITRIPTYLINE,3073287,31,0.1765668114,0.6646289526,1.3991817957
0.909742637,2003,M,AMITRIPTYLINE,3053598,29,0.1697023023,0.6080476832,1.3398381466
0.9403053377,2003,T,AMITRIPTYLINE,6126885,60,0.1217977661,0.7168609141,1.2165215978
0.8229010768,2003,F,CITALOPRAM,3073287,26,0.1618065682,0.5368829636,1.2140978009
0.7022344639,2003,M,CITALOPRAM,3053598,23,0.1465547442,0.444957486,1.0884916552
0.7596259613,2003,T,CITALOPRAM,6126885,49,0.1087149555,0.5616446849,1.0103515369
1.5214179731,2003,F,COCAINE,3073287,47,0.2226303794,1.1166948487,2.0305468453
3.2150032604,2003,M,COCAINE,3053598,104,0.3158784154,2.6257911584,3.9238582932
2.3722601612,2003,T,COCAINE,6126885,151,0.1935645439,2.008053996,2.7880997014
0.8666668325,2003,F,DIAZEPAM,3073287,27,0.1671634826,0.5705496926,1.2684961955
1.022367855,2003,M,DIAZEPAM,3053598,33,0.1782830268,0.7032474358,1.4680456458
0.9447411216,2003,T,DIAZEPAM,6126885,60,0.1222099842,0.7205197149,1.2217844289
1.1029213498,2003,F,DIPHENHYDRAMINE,3073287,34,0.1896672841,0.7629656956,1.5483676024
0.9677177321,2003,M,DIPHENHYDRAMINE,3053598,31,0.174083842,0.6570734083,1.4057181636
1.0363246124,2003,T,DIPHENHYDRAMINE,6126885,65,0.1288553472,0.799272329,1.3264359214
0.4129956628,2003,F,HEROIN,3073287,13,0.1148674814,0.2194500793,0.7151662358
1.7397555846,2003,M,HEROIN,3053598,55,0.2354263778,1.3092016201,2.2945154971
1.0769646034,2003,T,HEROIN,6126885,68,0.1309467458,0.8357097256,1.3710432658
0.8027942097,2003,F,HYDROCODONE,3073287,25,0.1610065935,0.5188265167,1.1928576245
0.4635891477,2003,M,HYDROCODONE,3053598,15,0.1201694851,0.258788183,0.802488435
0.6301375308,2003,T,HYDROCODONE,6126885,40,0.0999318384,0.4496877349,0.8641810948
1.8671506838,2003,F,METHADONE,3073287,59,0.2438754744,1.420009406,2.4168316514
3.0275396102,2003,M,METHADONE,3053598,98,0.3064146353,2.456867938,3.7180821694
2.4504429469,2003,T,METHADONE,6126885,157,0.1960758372,2.0812102814,2.8710862161
0.6837340248,2003,F,METHAMPHETAMINE,3073287,21,0.1493477145,0.4230214263,1.0517706741
1.7874958306,2003,M,METHAMPHETAMINE,3053598,57,0.237070883,1.3533025534,2.3450315122
1.2408082745,2003,T,METHAMPHETAMINE,6126885,78,0.1406937563,0.9804598252,1.5538364406
0.6641183931,2003,F,MORPHINE,3073287,21,0.1455497169,0.4101436744,1.0243115023
1.0910737175,2003,M,MORPHINE,3053598,35,0.1847456894,0.7594515073,1.5490674932
0.8872962364,2003,T,MORPHINE,6126885,56,0.1189100738,0.6696765267,1.1580623663
0.8126633817,2003,F,OPIATE,3073287,26,0.1600189895,0.5298497344,1.2001773718
2.1507648312,2003,M,OPIATE,3053598,69,0.2594653561,1.6724857009,2.7511066227
1.4937514719,2003,T,OPIATE,6126885,95,0.1536517359,1.2078369694,1.831837017
0.9753744995,2003,F,OXYCODONE,3073287,31,0.1758620508,0.6616294257,1.3934596464
1.3839050308,2003,M,OXYCODONE,3053598,44,0.2092064525,1.0045912649,1.8884722884
1.1841988447,2003,T,OXYCODONE,6126885,75,0.1372013756,0.9306464367,1.4903935286
0.87459314,2004,F,ACETAMINOPHEN,3113248,28,0.1661087683,0.5798515286,1.2740683684
0.5281527097,2004,M,ACETAMINOPHEN,3095267,17,0.1297953092,0.3051677342,0.8811136198
0.6904000334,2004,T,ACETAMINOPHEN,6208515,45,0.1032967152,0.5029526384,0.9306040831
1.3130275231,2004,F,ALCOHOL,3113248,43,0.2014484657,0.9482308213,1.7799709394
3.0972561587,2004,M,ALCOHOL,3095267,100,0.3109158305,2.5179501635,3.7938630443
2.2085836618,2004,T,ALCOHOL,6208515,143,0.185506276,1.8599731318,2.6085311847
0.5090395079,2004,F,ALPRAZOLAM,3113248,16,0.1280036412,0.2898758625,0.8364263351
0.523232452,2004,M,ALPRAZOLAM,3095267,17,0.1272358297,0.3043108231,0.8707568272
0.5146207105,2004,T,ALPRAZOLAM,6208515,33,0.0899213878,0.3536961058,0.7293335804
0.8285362054,2004,F,AMITRIPTYLINE,3113248,26,0.1633696726,0.5398453046,1.2233211953
0.8735412562,2004,M,AMITRIPTYLINE,3095267,28,0.1661229176,0.578815385,1.2934431889
0.8517394826,2004,T,AMITRIPTYLINE,6208515,54,0.1165403474,0.6387809959,1.1179490063
0.8048624169,2004,F,CITALOPRAM,3113248,26,0.1587769472,0.5243022595,1.1901018756
0.8391743231,2004,M,CITALOPRAM,3095267,27,0.1623855964,0.5516228938,1.2519388817
0.8193149264,2004,T,CITALOPRAM,6208515,53,0.113014548,0.6129236492,1.0783924489
1.5843939064,2004,F,COCAINE,3113248,50,0.2249948994,1.1744071896,2.097788017
3.5343772869,2004,M,COCAINE,3095267,115,0.3309847161,2.9154966346,4.2696548251
2.556651966,2004,T,COCAINE,6208515,165,0.1998491203,2.1799543991,2.9846136318
0.4739497957,2004,F,DIAZEPAM,3113248,15,0.1231301476,0.2641759178,0.7919773364
1.2044139063,2004,M,DIAZEPAM,3095267,39,0.1932357517,0.8558391099,1.6749132501
0.8430354014,2004,T,DIAZEPAM,6208515,54,0.1150917961,0.6326890915,1.1062374743
1.184805836,2004,F,DIPHENHYDRAMINE,3113248,38,0.1934424904,0.8364037341,1.6368873848
0.8935072367,2004,M,DIPHENHYDRAMINE,3095267,29,0.1664192219,0.5976013507,1.3134539444
1.0406669617,2004,T,DIPHENHYDRAMINE,6208515,67,0.1277049031,0.8055265487,1.3282554902
0.4203024973,2004,F,HEROIN,3113248,14,0.1124866791,0.2295611753,0.7168614472
1.2927798057,2004,M,HEROIN,3095267,42,0.2000086552,0.9308468989,1.7760785804
0.8603018491,2004,T,HEROIN,6208515,56,0.1152770912,0.649328898,1.123627682
0.726851207,2004,F,HYDROCODONE,3113248,23,0.1523185871,0.4595881933,1.1002439725
0.9627898271,2004,M,HYDROCODONE,3095267,31,0.1736618975,0.6529823619,1.3966104664
0.8386092528,2004,T,HYDROCODONE,6208515,54,0.1145265541,0.6293012764,1.100655037
3.1011164381,2004,F,METHADONE,3113248,99,0.3129031331,2.518265769,3.7850036958
4.8930897316,2004,M,METHADONE,3095267,158,0.3905894974,4.1574932533,5.7442525656
4.0056647519,2004,T,METHADONE,6208515,257,0.2507066844,3.5293152391,4.5330176351
0.923095926,2004,F,METHAMPHETAMINE,3113248,28,0.1749846041,0.6125411552,1.3409889517
1.77516021,2004,M,METHAMPHETAMINE,3095267,56,0.2381402593,1.3393673312,2.3321504983
1.3505013001,2004,T,METHAMPHETAMINE,6208515,84,0.1478641769,1.0763174854,1.6776955501
0.6792640891,2004,F,MORPHINE,3113248,22,0.1454109132,0.4247836159,1.0388227401
1.4427311543,2004,M,MORPHINE,3095267,47,0.2111657368,1.0588569922,1.9472263496
1.0654217661,2004,T,MORPHINE,6208515,69,0.1287995731,0.8280342076,1.3550430773
0.7438286909,2004,F,OPIATE,3113248,24,0.1525479889,0.4754749717,1.1171298003
1.609596438,2004,M,OPIATE,3095267,52,0.2241530986,1.2005335348,2.1391554975
1.1782380491,2004,T,OPIATE,6208515,76,0.1357997093,0.9271953279,1.4815124163
1.0720108166,2004,F,OXYCODONE,3113248,35,0.1822806771,0.7449429072,1.5020808571
1.6773753074,2004,M,OXYCODONE,3095267,54,0.2290146038,1.2588216268,2.2162802706
1.375151232,2004,T,OXYCODONE,6208515,89,0.14636316,1.1033119082,1.6988784217
0.4324701878,2005,F,ACETAMINOPHEN,3157558,14,0.1166042043,0.2349839832,0.7374650039
0.3464064221,2005,M,ACETAMINOPHEN,3141258,11,0.1049558502,0.1722359735,0.6499963162
0.3913428181,2005,T,ACETAMINOPHEN,6298816,25,0.0788260513,0.2523859166,0.58468193
1.1541424918,2005,F,ALCOHOL,3157558,38,0.1884937005,0.8146628518,1.5957198528
3.4750930205,2005,M,ALCOHOL,3141258,115,0.3259251154,2.865718016,4.196964947
2.316479768,2005,T,ALCOHOL,6298816,153,0.188267643,1.9621811207,2.721311859
0.4435410851,2005,F,ALPRAZOLAM,3157558,15,0.1154356476,0.2469306922,0.7452371093
0.4293175061,2005,M,ALPRAZOLAM,3141258,14,0.115222445,0.2340257476,0.7505790961
0.4374785232,2005,T,ALPRAZOLAM,6298816,29,0.0817119737,0.2922315641,0.6358023511
0.7986231583,2005,F,AMITRIPTYLINE,3157558,27,0.1548612312,0.5244586811,1.1749935654
1.0250078563,2005,M,AMITRIPTYLINE,3141258,34,0.176741781,0.7083011429,1.4600125043
0.9132611478,2005,T,AMITRIPTYLINE,6298816,61,0.1176822307,0.697288924,1.1807174216
0.8200483314,2005,F,CITALOPRAM,3157558,27,0.158988078,0.5385723341,1.2049816529
0.7749897687,2005,M,CITALOPRAM,3141258,26,0.1528814716,0.5048464818,1.164869392
0.8004765047,2005,T,CITALOPRAM,6298816,53,0.1106056145,0.5985104538,1.0543542094
1.0406802977,2005,F,COCAINE,3157558,34,0.1796269915,0.7188350665,1.4653752445
3.77065271,2005,M,COCAINE,3141258,124,0.3403353606,3.1331615279,4.5206250425
2.4159210287,2005,T,COCAINE,6298816,158,0.1932915471,2.0519297813,2.8307021292
0.6620973966,2005,F,DIAZEPAM,3157558,22,0.1421230496,0.4134548373,1.014582251
0.939873157,2005,M,DIAZEPAM,3141258,31,0.1694710376,0.6375317088,1.361223893
0.8032018634,2005,T,DIAZEPAM,6298816,53,0.1108898671,0.6007041436,1.0576521246
1.2363583801,2005,F,DIPHENHYDRAMINE,3157558,40,0.1970741812,0.8806551643,1.6950278658
1.0252122201,2005,M,DIPHENHYDRAMINE,3141258,33,0.1791635435,0.7045829095,1.4655192275
1.1350926281,2005,T,DIPHENHYDRAMINE,6298816,73,0.1336681989,0.888319575,1.4340466599
0.3754363818,2005,F,HEROIN,3157558,12,0.1096062524,0.1923064257,0.6677661697
1.3680627087,2005,M,HEROIN,3141258,46,0.2026804333,0.9999732522,1.8519420215
0.8749082347,2005,T,HEROIN,6298816,58,0.1156532711,0.6630401405,1.1385484884
0.845655406,2005,F,HYDROCODONE,3157558,28,0.161144771,0.5598236558,1.2346185332
1.1363958645,2005,M,HYDROCODONE,3141258,37,0.1883476513,0.7976342901,1.5940365761
0.9944504638,2005,T,HYDROCODONE,6298816,65,0.1241832297,0.766059213,1.2748007024
3.3466342088,2005,F,METHADONE,3157558,108,0.3240855056,2.7416654552,4.051898461
4.831536734,2005,M,METHADONE,3141258,161,0.3825821681,4.1107820399,5.6632270445
4.0958574861,2005,T,METHADONE,6298816,269,0.2511589316,3.6183405749,4.6235932656
0.5517719555,2005,F,METHAMPHETAMINE,3157558,18,0.1306368263,0.3261476688,0.8828091294
2.166174138,2005,M,METHAMPHETAMINE,3141258,72,0.2561660171,1.6933758723,2.7528797717
1.366173111,2005,T,METHAMPHETAMINE,6298816,90,0.1445880216,1.0975456356,1.6859444087
0.7798446064,2005,F,MORPHINE,3157558,27,0.1509487364,0.5125540226,1.1480603143
1.2564653512,2005,M,MORPHINE,3141258,41,0.1977292513,0.899180159,1.731862866
1.0222215185,2005,T,MORPHINE,6298816,68,0.1245973309,0.792701587,1.3030890825
0.6633043364,2005,F,OPIATE,3157558,21,0.1457159446,0.4091161045,1.0238763252
1.3832425498,2005,M,OPIATE,3141258,46,0.2047439861,1.0113782123,1.8713029063
1.0255813218,2005,T,OPIATE,6298816,67,0.1259462511,0.7936902881,1.3093123606
0.9891181665,2005,F,OXYCODONE,3157558,33,0.172943868,0.6796349204,1.4003100178
2.0882612573,2005,M,OXYCODONE,3141258,69,0.2535823085,1.6210248335,2.6704358864
1.5333759525,2005,T,OXYCODONE,6298816,102,0.1526603588,1.2488119464,1.8687499213
1.35338785,2006,F,ACETAMINOPHEN,3217341,46,0.2011907728,0.9881048299,1.8180778084
0.4238035576,2006,M,ACETAMINOPHEN,3202917,15,0.1100096989,0.236358147,0.7291339274
0.8867115308,2006,T,ACETAMINOPHEN,6420258,61,0.1143607361,0.676847662,1.1470140912
1.4717097603,2006,F,ALCOHOL,3217341,49,0.2117369421,1.0862732472,1.9572702551
3.5272121094,2006,M,ALCOHOL,3202917,116,0.3293592618,2.9112836481,4.2527100759
2.5047714692,2006,T,ALCOHOL,6420258,165,0.1961143275,2.1351380687,2.9246388184
0.4926853101,2006,F,ALPRAZOLAM,3217341,17,0.1203144696,0.2857983541,0.8022666405
0.7214357121,2006,M,ALPRAZOLAM,3202917,24,0.1482828209,0.4606528229,1.098891343
0.6096442284,2006,T,ALPRAZOLAM,6420258,41,0.0958018509,0.4365143724,0.8344076314
1.104398659,2006,F,AMITRIPTYLINE,3217341,37,0.1830514478,0.7751639883,1.5344782826
0.5034660243,2006,M,AMITRIPTYLINE,3202917,16,0.1269857205,0.2861437241,0.8425913624
0.8029210551,2006,T,AMITRIPTYLINE,6420258,53,0.1111409121,0.6000046285,1.05755841
0.8493665055,2006,F,CITALOPRAM,3217341,28,0.1616392906,0.5626169623,1.2386635375
0.4501411586,2006,M,CITALOPRAM,3202917,15,0.1168293803,0.251071213,0.7692615625
0.6512255009,2006,T,CITALOPRAM,6420258,43,0.0999479315,0.4702382781,0.8842193204
1.5294539851,2006,F,COCAINE,3217341,50,0.2178138154,1.1326403233,2.0272628242
4.3989574672,2006,M,COCAINE,3202917,148,0.3635791051,3.7152301971,5.1903385144
2.9765500303,2006,T,COCAINE,6420258,198,0.2128656957,2.573941077,3.428996009
0.8206151208,2006,F,DIAZEPAM,3217341,28,0.1564666966,0.5430990426,1.199222421
0.9569264766,2006,M,DIAZEPAM,3202917,33,0.1675307109,0.6571678078,1.369637151
0.8901077815,2006,T,DIAZEPAM,6420258,61,0.1147551548,0.6795145608,1.1512134039
1.5983073545,2006,F,DIPHENHYDRAMINE,3217341,53,0.2210936681,1.1946238953,2.1020840488
1.2092037476,2006,M,DIPHENHYDRAMINE,3202917,40,0.1921806822,0.8622434516,1.6698019521
1.4101988781,2006,T,DIPHENHYDRAMINE,6420258,93,0.1471336744,1.1366255584,1.7346232634
0.3616467303,2006,F,HEROIN,3217341,12,0.1052551952,0.1856894308,0.644042021
1.2280133088,2006,M,HEROIN,3202917,41,0.1930533898,0.8791460761,1.6901075831
0.7981400637,2006,T,HEROIN,6420258,53,0.1104597072,0.596464691,1.0513752493
1.5482217853,2006,F,HYDROCODONE,3217341,51,0.2187720142,1.1494222842,2.0477928858
0.9960916475,2006,M,HYDROCODONE,3202917,34,0.1718311739,0.6881973398,1.4172110962
1.2723722024,2006,T,HYDROCODONE,6420258,85,0.1389842199,1.014619504,1.5808035528
3.8985938892,2006,F,METHADONE,3217341,129,0.3462546042,3.2495272064,4.6459622326
6.2128049841,2006,M,METHADONE,3202917,209,0.4325297825,5.3939333594,7.1385469459
5.069323678,2006,T,METHADONE,6420258,338,0.277680847,4.5396259106,5.6484315594
0.5656597804,2006,F,METHAMPHETAMINE,3217341,18,0.1341283501,0.3340542071,0.9033205048
1.7238097006,2006,M,METHAMPHETAMINE,3202917,59,0.2255946352,1.3102431077,2.2475132292
1.1476407391,2006,T,METHAMPHETAMINE,6420258,77,0.1316036753,0.9042793848,1.4416599719
1.11504519,2006,F,MORPHINE,3217341,38,0.1824205936,0.7865542346,1.543481211
0.8468860869,2006,M,MORPHINE,3202917,29,0.158359928,0.5654272966,1.2425334108
0.9816893628,2006,T,MORPHINE,6420258,67,0.1208366236,0.7592401736,1.2546377005
0.7193532013,2006,F,OPIATE,3217341,23,0.1511028589,0.4542986825,1.089305079
1.0783538734,2006,M,OPIATE,3202917,36,0.18059424,0.753849544,1.5166251486
0.8995725392,2006,T,OPIATE,6420258,59,0.1177957319,0.6836349161,1.1671210334
1.8128066201,2006,F,OXYCODONE,3217341,62,0.2320401425,1.3867661923,2.3370123184
1.9138163188,2006,M,OXYCODONE,3202917,65,0.2390009666,1.4742596677,2.4636024341
1.8712839273,2006,T,OXYCODONE,6420258,127,0.1672322694,1.5578912059,2.2344621983
1.2861394641,2007,F,ACETAMINOPHEN,3268945,43,0.1978988933,0.9278586717,1.7439624199
1.176119191,2007,M,ACETAMINOPHEN,3256141,38,0.1925822754,0.8293575138,1.6354226315
1.2237232861,2007,T,ACETAMINOPHEN,6525086,81,0.1371306636,0.9697890895,1.5286580035
1.6896558194,2007,F,ALCOHOL,3268945,58,0.2243076035,1.2788663369,2.1979956996
4.1434429876,2007,M,ALCOHOL,3256141,139,0.3540486656,3.4786031088,4.9139922456
2.9269637025,2007,T,ALCOHOL,6525086,197,0.2103252756,2.5292297883,3.3742918174
0.5964358243,2007,F,ALPRAZOLAM,3268945,20,0.1348058963,0.3621435338,0.9331756012
1.0073802546,2007,M,ALPRAZOLAM,3256141,34,0.1736437833,0.6962148229,1.429158401
0.8057521416,2007,T,ALPRAZOLAM,6525086,54,0.1104751433,0.6039076496,1.0588279738
0.7655192144,2007,F,AMITRIPTYLINE,3268945,27,0.1490859824,0.501705213,1.1282764677
0.7293804507,2007,M,AMITRIPTYLINE,3256141,25,0.1463867556,0.471218781,1.0991346548
0.7482988398,2007,T,AMITRIPTYLINE,6525086,52,0.1045411259,0.5575650306,0.9894378718
1.3208908652,2007,F,CITALOPRAM,3268945,45,0.199746215,0.9587393984,1.7820699692
0.8527185502,2007,M,CITALOPRAM,3256141,28,0.1618670566,0.5654867796,1.2528219644
1.0891761974,2007,T,CITALOPRAM,6525086,73,0.1287464706,0.8515459411,1.37770199
1.4992987502,2007,F,COCAINE,3268945,51,0.2118828747,1.1130608158,1.9837209814
3.4836550167,2007,M,COCAINE,3256141,118,0.3228359263,2.8797032844,4.193196405
2.5020928713,2007,T,COCAINE,6525086,169,0.1939500285,2.1363913465,2.9173857689
0.7316422238,2007,F,DIAZEPAM,3268945,25,0.1478217445,0.4711494206,1.0926843815
0.6817239213,2007,M,DIAZEPAM,3256141,23,0.1431303146,0.4306398244,1.0459300909
0.7094932438,2007,T,DIAZEPAM,6525086,48,0.1032733283,0.5216720179,0.9485621503
1.2526408538,2007,F,DIPHENHYDRAMINE,3268945,41,0.1977126912,0.8954775653,1.7107606712
1.0818058555,2007,M,DIPHENHYDRAMINE,3256141,35,0.1840245868,0.7516221548,1.5245520215
1.1687280974,2007,T,DIPHENHYDRAMINE,6525086,76,0.1351579899,0.918923374,1.4700671202
0.3574926848,2007,F,HEROIN,3268945,12,0.1042199668,0.1833179539,0.6365345441
1.9094313379,2007,M,HEROIN,3256141,64,0.2399941992,1.4682390876,2.4586854004
1.1436795571,2007,T,HEROIN,6525086,76,0.1320594905,0.8995786899,1.4386614653
1.3936348502,2007,F,HYDROCODONE,3268945,44,0.2119935113,1.0094668705,1.880286836
1.3663235826,2007,M,HYDROCODONE,3256141,46,0.2035507097,0.996820507,1.8455876466
1.3648086915,2007,T,HYDROCODONE,6525086,90,0.1451138368,1.0952742319,1.6853143714
3.3392425852,2007,F,METHADONE,3268945,112,0.3191910087,2.7430196316,4.0327506346
5.5001308921,2007,M,METHADONE,3256141,188,0.4038312545,4.7370824459,6.3670996031
4.4356558287,2007,T,METHADONE,6525086,300,0.2582802472,3.9438272714,4.9766148337
0.8928568343,2007,F,METHAMPHETAMINE,3268945,30,0.1646315202,0.5998214534,1.2865067546
1.6381693945,2007,M,METHAMPHETAMINE,3256141,54,0.2241682156,1.2285417194,2.1573681946
1.2702924439,2007,T,METHAMPHETAMINE,6525086,84,0.1396143573,1.0114636728,1.5800324944
0.912274263,2007,F,MORPHINE,3268945,31,0.1653353794,0.6174635877,1.3069420203
1.1527258703,2007,M,MORPHINE,3256141,41,0.1815443574,0.82470787,1.5883869231
1.0385660764,2007,T,MORPHINE,6525086,72,0.1235771741,0.8105721858,1.3166092625
0.6764984541,2007,F,OPIATE,3268945,24,0.1393763431,0.431447752,1.0204758449
1.5449074525,2007,M,OPIATE,3256141,52,0.2156572056,1.1514198359,2.0472265003
1.1217151709,2007,T,OPIATE,6525086,76,0.129641787,0.8820967008,1.4117678536
2.184125906,2007,F,OXYCODONE,3268945,74,0.2567776973,1.710023743,2.755850061
2.1513951829,2007,M,OXYCODONE,3256141,74,0.2517689181,1.6864072656,2.7227617729
2.1748226207,2007,T,OXYCODONE,6525086,148,0.1803582212,1.8356996688,2.5635343661
0.8912855056,2008,F,ACETAMINOPHEN,3309912,31,0.1622945124,0.602036225,1.2797951201
0.6848002126,2008,M,ACETAMINOPHEN,3298333,23,0.1452717198,0.430279721,1.0531472848
0.7787530901,2008,T,ACETAMINOPHEN,6608245,54,0.1073519623,0.5826938084,1.0254727808
1.9813358549,2008,F,ALCOHOL,3309912,71,0.2385426836,1.5415667237,2.5163664482
4.7884027181,2008,M,ALCOHOL,3298333,161,0.3809368378,4.0708847342,5.6109612043
3.4055999629,2008,T,ALCOHOL,6608245,232,0.2260795468,2.9768739297,3.883586926
1.0691501869,2008,F,ALPRAZOLAM,3309912,38,0.1754245224,0.7533411289,1.4822210018
1.2356544224,2008,M,ALPRAZOLAM,3298333,41,0.1954463851,0.8826504904,1.6994340381
1.1508655108,2008,T,ALPRAZOLAM,6608245,79,0.1309571181,0.9085860213,1.4433829164
0.5588721158,2008,F,AMITRIPTYLINE,3309912,20,0.1264334619,0.3391580502,0.8782365745
0.6359129564,2008,M,AMITRIPTYLINE,3298333,22,0.1371095493,0.396173672,0.9879091786
0.5980944179,2008,T,AMITRIPTYLINE,6608245,42,0.0933111235,0.4293607807,0.817552539
1.507239396,2008,F,CITALOPRAM,3309912,54,0.2078544106,1.1276411529,1.9827688762
0.8690075693,2008,M,CITALOPRAM,3298333,30,0.1599965922,0.5841782892,1.2639865906
1.1952007389,2008,T,CITALOPRAM,6608245,84,0.1317618106,0.9509730558,1.4889428458
1.3560358733,2008,F,COCAINE,3309912,47,0.1998065488,0.9930059112,1.8166902823
2.5903722681,2008,M,COCAINE,3298333,90,0.2757160889,2.0782878438,3.2075426291
1.9746295417,2008,T,COCAINE,6608245,137,0.1704417169,1.6547148079,2.3437754205
0.9120772867,2008,F,DIAZEPAM,3309912,32,0.1630661608,0.620912954,1.3017268918
1.0657636068,2008,M,DIAZEPAM,3298333,38,0.1741578712,0.7521189773,1.4867588692
0.9883866951,2008,T,DIAZEPAM,6608245,70,0.1192262512,0.7686125425,1.2576991454
1.385501464,2008,F,DIPHENHYDRAMINE,3309912,49,0.2008387471,1.0201199335,1.8478634146
1.1620372969,2008,M,DIPHENHYDRAMINE,3298333,40,0.1852827474,0.8276254589,1.6051826386
1.2757053025,2008,T,DIPHENHYDRAMINE,6608245,89,0.1367738131,1.0217809112,1.579301916
0.3585161391,2008,F,HEROIN,3309912,12,0.1053546519,0.1826971911,0.6401527632
1.9630517006,2008,M,HEROIN,3298333,68,0.2397654155,1.5214405629,2.5106405405
1.1703006144,2008,T,HEROIN,6608245,80,0.1320605849,0.925856691,1.4649600415
1.2278004475,2008,F,HYDROCODONE,3309912,45,0.185373758,0.8916627734,1.6593349906
1.1459403098,2008,M,HYDROCODONE,3298333,39,0.1850290807,0.8123584288,1.5888907841
1.1921966399,2008,T,HYDROCODONE,6608245,84,0.1314215206,0.9485987163,1.4852438193
4.0415736668,2008,F,METHADONE,3309912,137,0.3494268747,3.385756882,4.7937978515
5.1548195712,2008,M,METHADONE,3298333,179,0.388457067,4.4215516285,5.9910869983
4.6057342604,2008,T,METHADONE,6608245,316,0.2616136529,4.1071975035,5.1530321536
0.7267888629,2008,F,METHAMPHETAMINE,3309912,23,0.1528421142,0.4587210889,1.0993644347
1.3518559139,2008,M,METHAMPHETAMINE,3298333,46,0.2012054804,0.9865820319,1.8258284807
1.0403603071,2008,T,METHAMPHETAMINE,6608245,69,0.1265023365,0.8072945116,1.3246642555
1.5631394142,2008,F,MORPHINE,3309912,58,0.2076218664,1.1829220504,2.0372600048
1.5196643243,2008,M,MORPHINE,3298333,53,0.210714586,1.1350001049,2.0112469291
1.5459423663,2008,T,MORPHINE,6608245,111,0.1483311611,1.2689241232,1.8716100788
0.6240314177,2008,F,OPIATE,3309912,21,0.1379623334,0.3835640352,0.9668323525
1.142972258,2008,M,OPIATE,3298333,39,0.1845232374,0.8102980613,1.584882013
0.8866793145,2008,T,OPIATE,6608245,60,0.1156333972,0.6746444907,1.1496572346
2.3876319324,2008,F,OXYCODONE,3309912,86,0.261444432,1.9028396623,2.9670545854
2.8046029742,2008,M,OXYCODONE,3298333,98,0.2853413932,2.2733269834,3.4401429424
2.6081824417,2008,T,OXYCODONE,6608245,184,0.1942929857,2.2412636115,3.0236182567
1.113955425,2009,F,ACETAMINOPHEN,3341418,39,0.1818236686,0.7864712322,1.5409003825
0.5807342086,2009,M,ACETAMINOPHEN,3330741,19,0.1357423117,0.3458768189,0.9315745498
0.8429218423,2009,T,ACETAMINOPHEN,6672159,58,0.1126216404,0.6367655694,1.1000400116
2.0149180237,2009,F,ALCOHOL,3341418,67,0.2496877233,1.5554698796,2.5742806568
4.3184766839,2009,M,ALCOHOL,3330741,149,0.3573381423,3.64651895,5.0941118435
3.1793447109,2009,T,ALCOHOL,6672159,216,0.2189354759,2.7646921024,3.6434357966
1.0201037864,2009,F,ALPRAZOLAM,3341418,35,0.1748778639,0.7065625892,1.4339452779
1.1512456757,2009,M,ALPRAZOLAM,3330741,39,0.1861878399,0.815623414,1.5962662906
1.0896864826,2009,T,ALPRAZOLAM,6672159,74,0.1281673426,0.8530510822,1.376941732
0.7950041438,2009,F,AMITRIPTYLINE,3341418,28,0.1528249636,0.5241868973,1.1660541209
0.4298376365,2009,M,AMITRIPTYLINE,3330741,15,0.1130083982,0.2376668352,0.7369271615
0.6099102491,2009,T,AMITRIPTYLINE,6672159,43,0.094419146,0.4390596983,0.8315446199
1.6878615856,2009,F,CITALOPRAM,3341418,60,0.222387118,1.2803700661,2.1928236727
1.500265782,2009,M,CITALOPRAM,3330741,50,0.2145277193,1.109562194,2.0001295197
1.5941948766,2009,T,CITALOPRAM,6672159,110,0.1543705533,1.3060312019,1.932255069
1.1527644472,2009,F,COCAINE,3341418,39,0.1873166318,0.8152504823,1.5909487288
2.3221086239,2009,M,COCAINE,3330741,81,0.260760368,1.8393009716,2.909950807
1.7424240553,2009,T,COCAINE,6672159,120,0.1610600647,1.4410804165,2.093451331
0.9644937166,2009,F,DIAZEPAM,3341418,34,0.1684740888,0.6629804453,1.3655598638
0.8592267413,2009,M,DIAZEPAM,3330741,30,0.1587614078,0.5767011435,1.2513950348
0.9137690099,2009,T,DIAZEPAM,6672159,64,0.115924215,0.7007946926,1.1769742293
1.0296736971,2009,F,DIPHENHYDRAMINE,3341418,36,0.1742990361,0.7167949658,1.4419938774
0.5359686071,2009,M,DIPHENHYDRAMINE,3330741,19,0.1243553506,0.3205953739,0.8632502084
0.7822579179,2009,T,DIPHENHYDRAMINE,6672159,55,0.1069035117,0.5868915992,1.0279404433
0.428309442,2009,F,HEROIN,3341418,15,0.1114798139,0.2384388527,0.7207997057
1.6516187342,2009,M,HEROIN,3330741,57,0.2206443538,1.2477211615,2.1621940281
1.0490168994,2009,T,HEROIN,6672159,72,0.1247476955,0.8188549029,1.3294264879
1.2005239904,2009,F,HYDROCODONE,3341418,44,0.1838677023,0.8675149782,1.6300863863
1.11341333,2009,M,HYDROCODONE,3330741,38,0.1832715783,0.783573515,1.552910581
1.1529210277,2009,T,HYDROCODONE,6672159,82,0.1292739438,0.9135441846,1.4418042841
3.4100235404,2009,F,METHADONE,3341418,114,0.3242685991,2.8041590617,4.1144268283
4.5256884664,2009,M,METHADONE,3330741,157,0.3650814724,3.8384311239,5.3162926708
3.9773288227,2009,T,METHADONE,6672159,271,0.2446739124,3.512188192,4.4916856159
0.9205569502,2009,F,METHAMPHETAMINE,3341418,31,0.1677467939,0.6216126638,1.3212006354
2.1570764526,2009,M,METHAMPHETAMINE,3330741,74,0.2539049072,1.6883140841,2.7321993231
1.5437625467,2009,T,METHAMPHETAMINE,6672159,105,0.1527669574,1.2589099722,1.8788552424
1.4195142953,2009,F,MORPHINE,3341418,53,0.1981893166,1.057903531,1.8762537619
1.5743592585,2009,M,MORPHINE,3330741,55,0.2152007715,1.1810861135,2.0744068281
1.5032057836,2009,T,MORPHINE,6672159,108,0.1467312069,1.2294143713,1.8258401844
0.6067136034,2009,F,OPIATE,3341418,21,0.1348736555,0.3717961586,0.9440772539
1.3456734618,2009,M,OPIATE,3330741,47,0.1984570659,0.9851213587,1.8134413426
0.9796265703,2009,T,OPIATE,6672159,68,0.1204562517,0.7578622775,1.251699372
2.5247949986,2009,F,OXYCODONE,3341418,89,0.2723513413,2.0193426336,3.126800826
2.3478923341,2009,M,OXYCODONE,3330741,81,0.2636894138,1.8596651606,2.9417015434
2.4429511304,2009,T,OXYCODONE,6672159,170,0.1899409662,2.0848523766,2.8501619065
0.8018107558,2010,F,ACETAMINOPHEN,3374833,28,0.154941833,0.527399208,1.1777569873
0.6536368217,2010,M,ACETAMINOPHEN,3349707,21,0.1439390885,0.4026253997,1.0187936035
0.7255708431,2010,T,ACETAMINOPHEN,6724540,49,0.1053376878,0.5339554601,0.9685400234
1.6671466,2010,F,ALCOHOL,3374833,57,0.2246759965,1.256129891,2.1777400022
3.6538710662,2010,M,ALCOHOL,3349707,129,0.3261370241,3.0426564297,4.3675801351
2.6620108277,2010,T,ALCOHOL,6724540,186,0.1981240776,2.2878441212,3.084914518
1.009656616,2010,F,ALPRAZOLAM,3374833,36,0.1709264863,0.702834525,1.4153694414
1.1955137922,2010,M,ALPRAZOLAM,3349707,42,0.1862071854,0.8587490574,1.6386640951
1.1064893118,2010,T,ALPRAZOLAM,6724540,78,0.1267767975,0.8720416522,1.3902791595
0.513669647,2010,F,AMITRIPTYLINE,3374833,19,0.1202453825,0.3056670706,0.8222984114
0.3912360566,2010,M,AMITRIPTYLINE,3349707,13,0.1097744836,0.206547289,0.692123427
0.4555240514,2010,T,AMITRIPTYLINE,6724540,32,0.0819531249,0.3092841146,0.6530581568
1.109626153,2010,F,CITALOPRAM,3374833,38,0.183196926,0.7800110669,1.5400597379
0.8368130029,2010,M,CITALOPRAM,3349707,30,0.1548118414,0.5613514928,1.219915706
0.9740994797,2010,T,CITALOPRAM,6724540,68,0.1200360758,0.7531402722,1.2450595977
0.6397988564,2010,F,COCAINE,3374833,22,0.1388852154,0.3971604523,0.9853085543
1.5741303153,2010,M,COCAINE,3349707,54,0.2171349164,1.1775910106,2.0774738942
1.1088640387,2010,T,COCAINE,6724540,76,0.129165924,0.8702408187,1.3977544041
0.7503973099,2010,F,DIAZEPAM,3374833,27,0.146662703,0.4909739111,1.1094646428
0.878423305,2010,M,DIAZEPAM,3349707,31,0.1597717372,0.593637308,1.2712755572
0.8176762955,2010,T,DIAZEPAM,6724540,58,0.1089419501,0.6182153625,1.066923053
0.978750181,2010,F,DIPHENHYDRAMINE,3374833,32,0.1747300853,0.6667134232,1.3937067606
0.6752711683,2010,M,DIPHENHYDRAMINE,3349707,24,0.139958801,0.4293709105,1.0307025595
0.8253903234,2010,T,DIPHENHYDRAMINE,6724540,56,0.1117801586,0.6209754937,1.0806748364
0.562316625,2010,F,HEROIN,3374833,19,0.1299936599,0.3370670001,0.8908836001
1.6501351439,2010,M,HEROIN,3349707,57,0.2210580722,1.2455613282,2.1607357005
1.1110846651,2010,T,HEROIN,6724540,76,0.1288648427,0.8729537776,1.3993014017
1.0683971887,2010,F,HYDROCODONE,3374833,38,0.1766218012,0.7506505374,1.4852762338
0.7485616988,2010,M,HYDROCODONE,3349707,25,0.1513885401,0.4818136708,1.1268698903
0.908695351,2010,T,HYDROCODONE,6724540,63,0.1161666062,0.6953875519,1.1722137408
2.7188201393,2010,F,METHADONE,3374833,95,0.2839949054,2.1908069528,3.3440463556
4.1068180086,2010,M,METHADONE,3349707,146,0.3440101118,3.4602646372,4.8550286769
3.4154797772,2010,T,METHADONE,6724540,241,0.2232420268,2.9919134476,3.8872884036
0.9795264906,2010,F,METHAMPHETAMINE,3374833,32,0.175247402,0.6666337345,1.3956146192
1.7745580804,2010,M,METHAMPHETAMINE,3349707,62,0.2280980709,1.3558766178,2.298466443
1.3776685166,2010,T,METHAMPHETAMINE,6724540,94,0.143929781,1.1100718472,1.6952314373
1.2914351282,2010,F,MORPHINE,3374833,46,0.1927020169,0.9416711974,1.7388871741
1.4093800017,2010,M,MORPHINE,3349707,51,0.1998234271,1.0452161163,1.8780226032
1.3544941061,2010,T,MORPHINE,6724540,97,0.1390597987,1.0957052995,1.6619063863
0.3404615486,2010,F,OPIATE,3374833,12,0.0993979498,0.1743883202,0.610948103
0.850479424,2010,M,OPIATE,3349707,30,0.1570491399,0.5709831354,1.2381232665
0.5969823985,2010,T,OPIATE,6724540,42,0.0931810495,0.4284907175,0.8158719098
1.8706935964,2010,F,OXYCODONE,3374833,67,0.2335227472,1.4412007166,2.3974305312
2.4023537095,2010,M,OXYCODONE,3349707,85,0.2633961309,1.9139790134,2.9940841891
2.1458225819,2010,T,OXYCODONE,6724540,152,0.1767457932,1.8133951074,2.5268521378
